%YAML:1.0
---
name: Johaeun
age: 31
point: [ 100, 200 ]
scores: [ 100, 100, 100 ]
data: !!opencv-matrix
   rows: 2
   cols: 2
   dt: f
   data: [ 1., 1.50000000e+00, 2., 3.20000005e+00 ]
